map_input.txt
ncols        1321
nrows        481
xllcorner    -122.008333333333
yllcorner    36.991666666667
cellsize     0.016666666667
[rows 380 to 417 of 481, columns 680 to 764 of 1321]
1715 1669 1633 1596 1572 1557 1525 1499 1484 1474 1463 1454 1444 1424 1417 1428 1427 1428 1429 1402 1377 1385 1393 1400 1408 1411 1472 1467 1436 1414 1417 1415 1446 1414 1348 1303 1263 1351 1391 1451 1493 1484 1435 1495 1517 1581 1610 1597 1608 1607 1571 1543 1535 1596 1706 1557 1544 1542 1450 1380 1376 1353 1337 1385 1415 1351 1385 1460 1551 1576 1481 1585 1646 1422 1378 1390 1502 1444 1531 1407 1456 1564 1827 2070 1981
1624 1607 1590 1588 1584 1549 1513 1507 1511 1511 1510 1494 1477 1473 1458 1446 1455 1466 1450 1412 1404 1409 1437 1447 1450 1468 1493 1465 1439 1446 1435 1448 1442 1448 1418 1408 1336 1289 1342 1462 1499 1414 1458 1491 1577 1599 1577 1576 1582 1583 1589 1584 1655 1675 1544 1496 1486 1473 1477 1467 1407 1422 1353 1297 1287 1295 1340 1409 1505 1557 1460 1350 1524 1702 1542 1394 1452 1497 1617 1542 1655 1653 1656 2063 2216
1584 1591 1579 1557 1542 1529 1519 1523 1518 1497 1495 1498 1502 1489 1464 1473 1481 1467 1440 1439 1459 1459 1458 1475 1508 1517 1475 1452 1450 1458 1462 1469 1456 1438 1418 1397 1364 1344 1403 1447 1452 1448 1509 1552 1595 1588 1542 1561 1551 1583 1614 1642 1645 1578 1567 1512 1487 1552 1560 1608 1497 1399 1442 1411 1346 1316 1306 1374 1421 1454 1419 1396 1581 1714 1792 1565 1458 1491 1551 1665 1947 2090 1846 1973 2232
1579 1573 1563 1559 1548 1540 1540 1544 1528 1516 1527 1528 1523 1505 1491 1495 1480 1466 1460 1470 1500 1492 1508 1540 1531 1501 1472 1464 1461 1467 1484 1484 1445 1428 1402 1388 1352 1316 1415 1409 1312 1473 1529 1568 1571 1499 1520 1574 1603 1606 1655 1686 1665 1590 1550 1519 1556 1559 1519 1512 1485 1520 1415 1371 1389 1326 1351 1302 1304 1373 1479 1552 1640 1739 1843 1891 1720 1541 1602 1656 1719 1960 2138 2169 2248
1563 1566 1567 1570 1567 1556 1554 1552 1556 1557 1553 1548 1542 1525 1520 1515 1499 1484 1475 1485 1514 1547 1561 1548 1535 1511 1492 1475 1470 1477 1489 1485 1446 1415 1392 1480 1460 1367 1309 1386 1356 1476 1558 1462 1473 1627 1672 1718 1714 1697 1707 1740 1741 1676 1629 1614 1605 1578 1534 1456 1433 1440 1469 1517 1293 1220 1284 1384 1368 1358 1409 1462 1557 1647 1746 1830 1962 1858 1666 1706 1795 1851 1954 2024 2165
1514 1519 1532 1564 1563 1580 1582 1575 1587 1582 1591 1570 1568 1564 1551 1532 1517 1500 1496 1501 1527 1551 1557 1536 1523 1506 1493 1484 1485 1488 1492 1493 1453 1426 1469 1520 1409 1321 1404 1387 1414 1532 1438 1453 1629 1685 1723 1710 1709 1727 1744 1764 1797 1768 1704 1657 1612 1572 1515 1452 1390 1335 1311 1412 1449 1246 1217 1313 1397 1421 1444 1486 1564 1632 1688 1737 1857 2026 2094 1922 1869 2014 2090 2305 2528
1477 1489 1518 1534 1563 1610 1595 1582 1583 1597 1605 1599 1610 1592 1566 1549 1529 1526 1524 1527 1524 1542 1542 1534 1522 1509 1500 1500 1498 1503 1508 1518 1510 1521 1567 1516 1401 1302 1379 1319 1332 1348 1479 1582 1597 1624 1637 1626 1686 1713 1738 1777 1824 1823 1812 1759 1729 1612 1542 1479 1396 1300 1267 1373 1419 1365 1351 1249 1294 1373 1447 1471 1499 1578 1639 1714 1845 2053 2195 2278 2214 2109 2201 2644 3089
1452 1465 1486 1507 1579 1609 1600 1586 1583 1605 1635 1638 1624 1603 1585 1564 1553 1557 1554 1552 1559 1571 1561 1546 1532 1523 1519 1518 1513 1518 1523 1541 1578 1571 1554 1484 1405 1390 1541 1520 1332 1467 1537 1514 1474 1494 1505 1626 1672 1711 1747 1788 1855 1871 1860 1838 1811 1780 1643 1482 1398 1290 1296 1389 1341 1349 1484 1488 1337 1329 1381 1447 1494 1553 1624 1692 1818 2099 2181 2295 2382 2421 2402 2522 2989
1431 1446 1468 1506 1581 1593 1606 1602 1610 1638 1683 1673 1685 1631 1601 1586 1590 1592 1584 1609 1641 1598 1581 1561 1551 1548 1540 1537 1532 1536 1547 1555 1527 1482 1447 1450 1494 1542 1519 1449 1233 1367 1394 1392 1538 1583 1630 1683 1719 1746 1775 1814 1856 1840 1840 1844 1847 1780 1568 1428 1258 1325 1352 1312 1257 1338 1430 1559 1644 1439 1372 1401 1513 1552 1631 1735 1817 1994 2198 2341 2462 2588 2715 2912 3128
1415 1441 1471 1516 1569 1575 1593 1624 1637 1651 1682 1706 1759 1700 1633 1629 1657 1632 1674 1721 1689 1640 1610 1577 1574 1586 1569 1562 1554 1564 1580 1521 1534 1575 1571 1558 1540 1438 1301 1281 1339 1503 1539 1565 1584 1624 1628 1650 1689 1716 1769 1811 1831 1816 1815 1819 1817 1700 1467 1327 1262 1217 1267 1401 1325 1410 1408 1461 1599 1715 1495 1411 1485 1611 1604 1679 1971 2142 2204 2307 2447 2625 2712 2742 3020
1409 1449 1490 1537 1535 1562 1591 1605 1619 1644 1669 1697 1702 1740 1673 1715 1723 1699 1731 1729 1709 1675 1632 1608 1625 1638 1617 1592 1571 1590 1539 1568 1591 1603 1563 1557 1528 1450 1295 1303 1442 1533 1556 1575 1580 1545 1602 1646 1660 1696 1738 1790 1809 1651 1635 1627 1802 1718 1570 1392 1308 1265 1390 1378 1413 1397 1432 1451 1525 1642 1750 1503 1449 1497 1618 1664 1800 2078 2208 2294 2366 2472 2519 2744 2836
1413 1459 1494 1511 1538 1569 1580 1593 1609 1627 1648 1663 1673 1681 1685 1713 1710 1695 1699 1705 1705 1681 1663 1657 1666 1637 1604 1594 1603 1537 1583 1606 1618 1634 1567 1544 1511 1477 1435 1309 1311 1343 1366 1409 1358 1442 1518 1592 1551 1637 1715 1777 1792 1442 1419 1654 1618 1357 1382 1303 1272 1245 1318 1322 1403 1525 1466 1457 1521 1591 1695 1797 1568 1498 1529 1619 1732 1842 1998 2148 2287 2405 2549 2794 2988
1428 1452 1468 1501 1528 1556 1560 1566 1581 1592 1617 1632 1660 1648 1665 1699 1682 1671 1700 1724 1716 1699 1693 1683 1650 1623 1621 1630 1552 1558 1602 1644 1674 1634 1576 1565 1514 1517 1458 1425 1227 1343 1518 1416 1518 1357 1397 1436 1508 1624 1722 1770 1522 1369 1383 1380 1399 1295 1309 1301 1227 1278 1473 1390 1311 1512 1603 1553 1559 1594 1618 1687 1830 1584 1569 1598 1684 1848 1989 2091 2236 2436 2593 2908 3103
1456 1442 1447 1473 1512 1533 1535 1545 1555 1561 1586 1623 1639 1631 1658 1680 1665 1683 1709 1738 1723 1728 1715 1672 1658 1658 1655 1564 1568 1596 1652 1714 1705 1605 1548 1517 1534 1381 1212 1245 1399 1430 1373 1474 1599 1572 1435 1532 1670 1678 1710 1701 1466 1472 1313 1268 1302 1289 1316 1304 1225 1293 1501 1680 1505 1409 1505 1668 1644 1620 1654 1712 1762 1753 1601 1654 1714 1799 1888 2034 2175 2420 2680 2962 3329
1406 1417 1460 1479 1505 1510 1514 1520 1534 1551 1575 1594 1592 1605 1630 1659 1650 1670 1687 1734 1745 1731 1699 1705 1718 1700 1586 1608 1644 1630 1707 1745 1661 1569 1563 1568 1473 1394 1398 1241 1277 1335 1458 1502 1595 1705 1462 1612 1743 1824 1830 1768 1462 1393 1357 1271 1292 1342 1259 1245 1285 1363 1363 1682 1694 1639 1405 1577 1566 1657 1683 1664 1679 1701 1663 1683 1791 1893 1948 2002 2051 2231 2524 2778 3199
1375 1387 1404 1457 1493 1492 1499 1517 1517 1514 1528 1538 1572 1591 1608 1624 1614 1635 1672 1723 1746 1722 1729 1723 1714 1653 1574 1582 1668 1697 1731 1749 1680 1658 1626 1623 1578 1549 1373 1254 1258 1425 1491 1460 1552 1630 1702 1652 1721 1845 1867 1762 1480 1487 1418 1333 1276 1360 1353 1469 1634 1636 1426 1597 1674 1580 1597 1480 1593 1655 1658 1622 1635 1676 1687 1727 1811 1886 1995 2093 2214 2269 2622 2910 3111
1312 1330 1347 1393 1459 1479 1478 1454 1464 1486 1502 1520 1560 1564 1576 1562 1572 1617 1674 1742 1736 1746 1747 1701 1646 1623 1651 1583 1613 1718 1788 1788 1804 1791 1757 1431 1307 1323 1257 1235 1283 1334 1300 1343 1381 1527 1789 1825 1770 1848 1676 1538 1395 1378 1364 1257 1294 1413 1565 1743 1759 1638 1636 1698 1697 1678 1706 1613 1510 1649 1653 1605 1700 1652 1758 1795 1792 1877 2065 2171 2242 2417 2684 2977 3301
1352 1326 1305 1348 1394 1427 1423 1422 1463 1458 1458 1514 1524 1505 1511 1551 1579 1621 1688 1748 1759 1779 1757 1710 1660 1669 1614 1622 1627 1694 1774 1823 1853 1747 1509 1325 1310 1267 1246 1244 1269 1248 1286 1352 1438 1480 1645 1765 1832 1493 1421 1377 1369 1290 1330 1286 1317 1380 1341 1561 1791 1754 1724 1739 1762 1762 1742 1603 1467 1573 1606 1555 1561 1611 1814 1887 1878 1922 1999 2117 2223 2336 2609 2884 2979
1395 1362 1322 1318 1335 1383 1382 1395 1435 1421 1481 1493 1461 1441 1508 1557 1593 1641 1699 1756 1770 1772 1776 1750 1716 1730 1635 1688 1642 1718 1802 1850 1872 1596 1352 1403 1337 1395 1273 1230 1268 1243 1330 1389 1375 1375 1419 1517 1871 1558 1427 1342 1306 1257 1240 1292 1249 1274 1333 1382 1653 1800 1774 1794 1801 1810 1775 1744 1612 1547 1681 1646 1627 1627 1685 1813 1777 1876 1960 2015 2072 2192 2324 2510 2651
1382 1346 1374 1384 1358 1321 1348 1322 1345 1399 1459 1413 1432 1506 1562 1568 1580 1644 1721 1758 1772 1778 1791 1781 1752 1757 1667 1698 1698 1701 1753 1844 1862 1442 1392 1481 1374 1381 1331 1306 1345 1255 1299 1231 1251 1332 1452 1677 1885 1561 1438 1426 1376 1265 1262 1267 1274 1310 1279 1382 1526 1497 1640 1803 1828 1839 1806 1721 1708 1571 1671 1742 1724 1715 1697 1718 1744 1804 1874 1937 2009 2096 2206 2315 2404
1360 1370 1392 1400 1393 1408 1426 1390 1326 1389 1391 1472 1496 1530 1547 1542 1602 1684 1766 1808 1796 1803 1822 1821 1794 1726 1680 1750 1696 1724 1742 1775 1708 1546 1426 1515 1426 1505 1435 1363 1381 1330 1233 1265 1308 1419 1525 1552 1742 1700 1506 1433 1387 1319 1239 1297 1316 1315 1338 1290 1302 1376 1605 1763 1849 1849 1781 1799 1812 1752 1638 1717 1778 1779 1773 1798 1813 1883 1907 1945 1983 2036 2111 2188 2242
1381 1373 1388 1411 1415 1453 1480 1480 1325 1363 1430 1529 1528 1512 1524 1610 1670 1719 1775 1807 1824 1830 1851 1858 1804 1710 1735 1769 1738 1732 1783 1811 1767 1490 1477 1576 1556 1595 1523 1388 1324 1355 1306 1311 1467 1507 1482 1516 1631 1752 1550 1519 1488 1397 1287 1339 1372 1380 1354 1312 1330 1355 1568 1777 1881 1872 1858 1878 1857 1804 1764 1688 1749 1763 1780 1803 1841 1962 1973 1932 1949 1984 2032 2084 2133
1392 1397 1402 1433 1437 1488 1498 1446 1309 1391 1417 1440 1412 1448 1553 1642 1685 1715 1753 1800 1821 1851 1877 1891 1822 1761 1724 1794 1811 1757 1808 1844 1683 1503 1508 1643 1764 1734 1490 1412 1440 1478 1406 1293 1459 1406 1427 1593 1633 1494 1394 1386 1409 1291 1321 1364 1384 1402 1521 1538 1388 1379 1448 1772 1862 1902 1893 1878 1854 1811 1776 1688 1760 1778 1808 1832 1831 1842 1865 1959 1979 1996 2017 2042 2069
1424 1412 1416 1446 1484 1499 1483 1376 1395 1320 1361 1386 1436 1447 1516 1594 1679 1728 1753 1796 1835 1865 1891 1906 1879 1837 1817 1825 1843 1850 1842 1789 1565 1725 1580 1699 1857 1807 1544 1573 1550 1588 1457 1342 1315 1372 1509 1600 1628 1534 1415 1355 1297 1337 1304 1376 1383 1397 1495 1813 1615 1751 1706 1769 1849 1921 1913 1879 1822 1783 1760 1735 1721 1768 1800 1811 1860 1907 1912 1982 1963 1977 2017 2037 2047
1455 1431 1451 1462 1445 1449 1459 1409 1505 1412 1328 1401 1401 1446 1552 1640 1637 1704 1712 1791 1825 1871 1861 1874 1911 1923 1933 1928 1903 1951 1921 1679 1735 1709 1652 1886 1770 1603 1578 1486 1421 1415 1368 1402 1331 1343 1362 1410 1549 1520 1416 1382 1316 1379 1337 1348 1387 1409 1558 1893 1910 1892 1894 1864 1861 1920 1915 1880 1837 1807 1775 1743 1701 1719 1769 1808 1820 1832 1879 1972 1982 1989 2017 2046 2075
1462 1450 1471 1450 1409 1420 1406 1477 1572 1542 1355 1355 1474 1510 1540 1494 1551 1546 1621 1746 1738 1785 1817 1871 1893 1915 1935 1953 1948 1936 1914 1924 1906 1901 1917 1812 1559 1480 1441 1459 1498 1409 1481 1477 1399 1346 1349 1432 1469 1402 1325 1337 1355 1403 1400 1366 1417 1439 1476 1545 1713 1886 1945 1925 1898 1908 1915 1876 1847 1834 1811 1775 1750 1709 1751 1770 1781 1809 1900 1874 1913 1987 2045 2093 2099
1481 1464 1445 1424 1439 1436 1455 1529 1593 1617 1561 1340 1443 1483 1498 1444 1490 1545 1660 1768 1808 1852 1881 1905 1929 1951 1935 1893 1758 1892 1941 1995 1915 1786 1727 1626 1529 1529 1543 1597 1485 1481 1578 1495 1422 1335 1306 1370 1453 1408 1345 1297 1315 1414 1435 1396 1412 1416 1439 1454 1478 1610 1835 1901 1805 1842 1888 1844 1878 1861 1831 1800 1752 1760 1722 1728 1760 1772 1788 1794 1819 1911 2006 2099 2077
1528 1482 1450 1441 1467 1491 1522 1546 1583 1625 1623 1457 1347 1327 1426 1518 1518 1587 1612 1599 1689 1810 1871 1917 1934 1893 1771 1768 1774 1923 1972 1994 1923 1753 1647 1592 1567 1612 1695 1536 1486 1472 1506 1473 1428 1320 1410 1461 1508 1385 1334 1423 1449 1458 1491 1425 1417 1447 1439 1444 1456 1474 1501 1515 1506 1541 1653 1727 1887 1886 1850 1807 1802 1762 1766 1764 1734 1755 1781 1823 1841 1852 1927 2054 2088
1548 1488 1466 1463 1486 1518 1534 1562 1595 1636 1667 1651 1484 1290 1402 1434 1522 1597 1698 1746 1710 1783 1844 1865 1795 1761 1566 1768 1801 1906 1939 1988 1879 1684 1662 1651 1601 1685 1656 1518 1516 1540 1537 1478 1462 1468 1348 1387 1394 1421 1473 1383 1418 1468 1500 1499 1478 1468 1476 1461 1470 1460 1473 1534 1725 1776 1755 1605 1703 1835 1879 1847 1811 1801 1809 1791 1768 1755 1764 1810 1816 1824 1903 1975 2083
1528 1498 1481 1478 1506 1533 1538 1572 1619 1638 1649 1649 1638 1331 1400 1555 1599 1623 1668 1694 1680 1706 1796 1753 1579 1568 1561 1608 1781 1725 1875 1986 1877 1708 1751 1649 1673 1701 1563 1589 1572 1633 1604 1537 1547 1528 1318 1382 1507 1514 1511 1489 1506 1503 1486 1496 1523 1521 1519 1489 1494 1495 1482 1577 1785 1946 1815 1826 1667 1778 1866 1849 1835 1881 1845 1797 1794 1779 1762 1778 1808 1826 1876 1889 1965
1584 1539 1496 1498 1526 1523 1504 1529 1582 1614 1621 1645 1667 1392 1336 1493 1483 1623 1663 1595 1426 1470 1534 1483 1589 1757 1607 1664 1725 1702 1859 1927 1948 1766 1748 1683 1734 1743 1640 1648 1650 1642 1616 1572 1382 1355 1465 1507 1536 1542 1545 1542 1538 1528 1506 1495 1514 1540 1542 1569 1550 1507 1491 1508 1608 1809 1929 1876 1790 1710 1795 1833 1862 1947 1883 1836 1807 1799 1788 1771 1794 1815 1826 1840 1870
1647 1594 1526 1526 1520 1493 1474 1507 1554 1559 1545 1511 1553 1533 1366 1290 1324 1514 1536 1378 1452 1690 1510 1611 1578 1610 1776 1658 1728 1812 1748 1883 1949 1837 1739 1753 1757 1622 1631 1578 1597 1639 1629 1538 1342 1428 1465 1497 1587 1578 1582 1570 1558 1544 1525 1512 1543 1566 1631 1575 1548 1539 1521 1514 1595 1857 1955 1906 1863 1825 1750 1812 1834 1896 1874 1843 1833 1835 1821 1805 1779 1813 1819 1822 1848
1650 1601 1562 1537 1516 1491 1478 1458 1475 1423 1409 1449 1503 1548 1578 1508 1248 1339 1368 1508 1594 1731 1798 1832 1834 1665 1811 1897 1689 1749 1885 1953 2067 1853 1762 1630 1582 1567 1582 1523 1568 1604 1521 1373 1354 1480 1482 1582 1632 1640 1612 1594 1577 1578 1549 1533 1545 1594 1652 1650 1647 1570 1538 1534 1589 1779 1975 1963 1911 1868 1809 1848 1898 1878 1899 1870 1879 1890 1849 1817 1786 1811 1872 1863 1932
1706 1648 1583 1558 1516 1524 1529 1497 1439 1465 1501 1410 1399 1428 1542 1474 1255 1382 1530 1733 1760 1660 1695 1586 1757 1826 1804 1890 1774 1701 1745 1880 2046 1966 1815 1654 1576 1529 1536 1457 1489 1481 1296 1459 1495 1499 1588 1610 1671 1702 1652 1631 1615 1596 1589 1556 1576 1587 1681 1689 1620 1615 1541 1549 1639 1872 1807 1980 1950 1929 1869 1819 1840 1842 1869 1931 1912 1873 1845 1841 1815 1785 1817 1888 2036
1742 1677 1607 1550 1567 1559 1530 1505 1532 1582 1605 1468 1513 1335 1307 1370 1243 1417 1604 1485 1437 1458 1494 1541 1566 1600 1625 1738 1917 1870 1841 1884 2036 1926 1662 1651 1645 1607 1519 1366 1354 1309 1412 1488 1558 1633 1659 1666 1662 1721 1714 1681 1657 1643 1602 1611 1589 1663 1719 1648 1615 1567 1630 1595 1580 1611 1780 1882 1979 1939 1922 1860 1873 1895 1901 1927 1901 1881 1876 1862 1811 1816 1794 1818 1857
1745 1691 1590 1538 1577 1555 1548 1551 1563 1605 1660 1692 1680 1538 1521 1329 1253 1437 1373 1408 1415 1470 1591 1692 1778 1672 1701 1708 1764 1951 2028 1912 1789 1754 1677 1643 1589 1521 1379 1567 1605 1526 1599 1638 1675 1693 1700 1699 1712 1732 1759 1765 1723 1672 1640 1674 1611 1655 1756 1657 1599 1715 1726 1585 1695 1618 1642 1792 1944 1997 1950 1897 1875 1907 1915 1915 1957 1926 1870 1833 1819 1844 1847 1823 1813
1690 1640 1557 1505 1506 1514 1550 1577 1565 1617 1656 1681 1727 1720 1779 1444 1208 1321 1364 1530 1476 1456 1490 1521 1574 1587 1627 1659 1733 1819 1747 1734 1704 1686 1689 1682 1716 1408 1547 1652 1721 1708 1724 1749 1750 1756 1778 1759 1735 1748 1814 1837 1734 1718 1678 1742 1666 1718 1747 1658 1705 1906 1652 1610 1862 1780 1661 1719 1835 1975 1976 1939 1894 1891 1901 1943 1973 1910 1869 1838 1849 1995 2093 2022 2024
1641 1602 1544 1525 1496 1474 1532 1550 1562 1606 1564 1599 1581 1687 1721 1435 1208 1250 1344 1410 1444 1538 1529 1606 1568 1622 1733 1893 1943 1739 1678 1680 1678 1658 1641 1616 1586 1306 1549 1705 1722 1781 1780 1772 1829 1850 1856 1820 1819 1810 1797 1911 1810 1745 1746 1831 1810 1774 1702 1749 1845 1727 1639 1691 1847 1680 1817 1768 1922 1992 2026 1964 1931 1931 1893 1933 1958 1903 1869 1855 1883 2094 2183 2165 2160
