map_input.txt
ncols        1321
nrows        481
xllcorner    -122.008333333333
yllcorner    36.991666666667
cellsize     0.016666666667
[rows 152 to 189 of 481, columns 85 to 169 of 1321]
1613 1702 1694 1660 1796 2000 1965 1805 1682 1593 1489 1437 1430 1443 1495 1520 1505 1416 1329 1329 1389 1674 2071 2006 1930 1871 1836 1804 1762 1700 1647 1634 1649 1651 1647 1645 1615 1566 1526 1478 1413 1378 1365 1364 1363 1364 1367 1437 1752 2088 2356 2216 2025 2057 2093 2069 1937 1855 1821 1775 1736 1708 1677 1648 1629 1609 1570 1531 1501 1492 1499 1501 1495 1496 1496 1492 1498 1493 1485 1482 1482 1472 1473 1473 1485
1626 1758 1811 1705 1800 1999 2051 1838 1698 1619 1515 1444 1446 1489 1567 1575 1603 1565 1385 1352 1413 1719 2088 2027 1941 1870 1829 1799 1752 1720 1703 1669 1639 1636 1616 1604 1582 1548 1521 1479 1394 1368 1365 1364 1363 1363 1375 1521 1837 2120 2272 2123 2092 2123 2100 2042 1899 1842 1814 1770 1741 1722 1702 1673 1641 1623 1583 1522 1489 1507 1516 1524 1525 1533 1543 1546 1550 1541 1527 1517 1502 1495 1494 1485 1507
1704 1712 1812 1806 1806 1932 2034 1981 1853 1724 1610 1600 1498 1561 1678 1651 1655 1555 1378 1381 1494 1770 2050 2018 1959 1863 1809 1788 1692 1623 1636 1630 1642 1627 1604 1599 1579 1544 1510 1479 1417 1373 1366 1364 1362 1362 1437 1758 2212 2238 2194 2000 1910 2042 2065 1954 1857 1814 1779 1756 1745 1731 1722 1706 1653 1628 1579 1503 1510 1534 1548 1557 1570 1586 1619 1627 1621 1628 1617 1588 1531 1523 1508 1500 1511
1732 1768 1848 1935 1950 2078 2054 2022 1911 1748 1730 1648 1649 1709 1697 1716 1724 1520 1430 1495 1653 2007 2112 2023 1954 1892 1795 1715 1674 1696 1693 1674 1660 1628 1612 1595 1575 1561 1541 1508 1412 1375 1368 1364 1362 1362 1555 2125 2289 2242 2061 1869 1831 1860 1887 1854 1824 1795 1775 1750 1729 1731 1736 1725 1671 1626 1553 1521 1537 1558 1581 1600 1624 1718 1833 1784 1771 1741 1672 1607 1564 1545 1546 1528 1552
1732 1860 2020 2063 2015 2047 2028 1990 1936 1803 1769 1763 1730 1827 1739 1590 1610 1441 1451 1613 1842 2164 2102 2042 1986 1901 1824 1755 1805 1797 1767 1697 1667 1655 1633 1614 1609 1591 1579 1552 1482 1367 1365 1362 1364 1369 1698 2251 2309 2227 1995 1818 1829 1817 1814 1808 1795 1791 1780 1759 1734 1718 1717 1737 1717 1622 1543 1559 1579 1592 1617 1646 1715 1777 1967 2067 1952 1804 1686 1622 1593 1625 1658 1618 1617
1789 1748 1891 2120 2075 2034 2078 2000 1886 1800 1795 1710 1716 1822 1795 1566 1411 1443 1561 1749 2007 2209 2150 2044 1955 1943 1973 1992 1896 1840 1768 1718 1676 1655 1643 1636 1643 1641 1610 1598 1504 1365 1363 1362 1366 1405 1697 2175 2264 2125 1858 1810 1811 1820 1801 1797 1795 1795 1791 1767 1742 1720 1719 1717 1708 1607 1556 1612 1635 1651 1648 1671 1744 1877 2026 2200 1998 1823 1742 1705 1659 1612 1644 1638 1610
1785 1811 1904 2054 2001 1981 1954 2008 1983 1821 1702 1767 1644 1649 1819 1704 1449 1412 1585 1734 1911 2085 2073 1961 2003 2092 2161 2040 1924 1805 1735 1708 1682 1650 1669 1666 1657 1652 1648 1633 1532 1373 1395 1368 1362 1423 1656 2036 2127 1887 1795 1816 1818 1790 1803 1792 1791 1792 1792 1780 1761 1732 1722 1733 1659 1562 1572 1625 1682 1694 1673 1667 1705 1773 1828 1914 2016 1956 1879 1832 1723 1644 1608 1589 1575
1727 1786 1845 1923 1963 1886 1890 1868 1872 1829 1675 1624 1562 1580 1663 1743 1589 1423 1581 1686 1910 2072 2097 2078 2121 2207 2061 1885 1850 1863 1809 1732 1698 1684 1700 1686 1675 1679 1675 1660 1598 1407 1457 1413 1376 1394 1409 1575 1742 1763 1793 1797 1805 1790 1779 1784 1782 1780 1786 1780 1774 1763 1743 1725 1677 1640 1546 1599 1664 1682 1671 1680 1710 1853 1934 1973 2007 2031 1943 1862 1764 1671 1629 1611 1598
1774 1820 1926 1900 1859 1895 1797 1749 1745 1767 1604 1528 1523 1532 1525 1529 1536 1435 1482 1634 1728 1813 1905 2052 2160 2283 2152 2031 1955 1956 1907 1802 1750 1729 1719 1704 1713 1724 1723 1721 1631 1432 1455 1466 1491 1410 1364 1365 1592 1728 1744 1790 1794 1792 1772 1784 1781 1781 1779 1785 1775 1768 1763 1721 1676 1691 1582 1603 1649 1714 1697 1713 1745 1808 1911 2005 2052 1951 1925 1824 1740 1687 1644 1625 1604
1796 1765 1773 1900 1906 1842 1752 1642 1653 1612 1520 1502 1506 1516 1501 1517 1559 1475 1517 1744 1899 1947 1951 2113 2137 2217 2193 1998 2007 1999 1950 1825 1761 1750 1732 1721 1730 1767 1792 1802 1836 1620 1430 1388 1448 1380 1362 1363 1517 1709 1747 1784 1805 1787 1773 1781 1775 1794 1785 1781 1780 1770 1753 1690 1659 1657 1623 1637 1682 1845 1763 1711 1791 1855 1854 1960 1916 1876 1872 1756 1697 1657 1623 1621 1620
1720 1797 1727 1736 1777 1758 1676 1593 1573 1523 1492 1484 1509 1495 1504 1572 1605 1534 1607 1926 2128 2017 2051 2045 2123 2310 2359 2286 2284 1968 1829 1769 1726 1728 1732 1734 1759 1792 1838 1880 1907 1919 1580 1365 1363 1362 1362 1364 1378 1567 1710 1763 1828 1823 1791 1768 1777 1771 1787 1788 1765 1759 1747 1727 1656 1598 1603 1634 1665 1694 1703 1680 1769 1838 1867 1888 1852 1745 1713 1672 1643 1626 1620 1590 1591
1691 1613 1652 1626 1671 1677 1694 1530 1493 1492 1481 1475 1486 1498 1511 1581 1596 1615 1724 1989 2124 2016 1994 2000 2016 2084 2090 2069 2015 1896 1750 1723 1710 1713 1726 1747 1775 1813 1869 1928 1975 1913 1555 1408 1362 1362 1363 1365 1370 1516 1633 1673 1797 1833 1831 1791 1768 1764 1769 1779 1776 1780 1767 1735 1654 1589 1605 1605 1635 1645 1648 1661 1700 1818 1864 1824 1767 1699 1687 1669 1648 1600 1595 1577 1571
1782 1717 1664 1561 1561 1638 1546 1526 1481 1471 1464 1476 1499 1504 1514 1601 1654 1806 1828 2011 2099 2068 2101 2014 1919 1911 1915 1925 1905 1825 1786 1750 1728 1716 1748 1762 1792 1822 1869 1929 1998 2023 1554 1366 1363 1362 1364 1366 1378 1456 1621 1635 1733 1837 1837 1823 1780 1779 1775 1773 1764 1744 1731 1687 1683 1589 1598 1605 1625 1632 1646 1656 1679 1791 1823 1742 1688 1668 1675 1694 1686 1659 1576 1570 1569
1977 1799 1711 1671 1577 1619 1604 1525 1488 1465 1459 1463 1520 1502 1599 1642 1673 1887 1899 1965 1943 1947 2056 1993 1891 1823 1815 1821 1839 1794 1767 1751 1710 1704 1742 1773 1793 1825 1861 1930 2004 2058 1597 1362 1363 1364 1366 1367 1424 1470 1562 1666 1708 1802 1844 1833 1797 1777 1779 1802 1777 1742 1691 1646 1600 1589 1595 1601 1615 1624 1620 1642 1698 1799 1834 1800 1733 1704 1676 1659 1673 1657 1587 1572 1573
1863 1847 1758 1658 1590 1545 1532 1520 1482 1461 1453 1452 1474 1492 1725 1801 1740 1837 1801 1808 1788 1800 1809 1879 1899 1807 1750 1746 1758 1753 1731 1722 1692 1688 1710 1744 1778 1816 1868 1936 2017 1982 1478 1364 1365 1366 1379 1390 1470 1474 1519 1645 1715 1791 1846 1841 1821 1793 1785 1787 1747 1669 1652 1631 1592 1588 1598 1606 1613 1609 1614 1646 1776 1808 1856 1894 1791 1715 1711 1685 1654 1641 1609 1586 1583
1761 1692 1642 1544 1525 1522 1500 1503 1478 1456 1449 1447 1449 1457 1569 1802 1843 1915 1774 1712 1733 1719 1740 1755 1787 1731 1708 1709 1712 1728 1705 1699 1673 1661 1677 1735 1766 1807 1869 1941 2027 1807 1419 1366 1366 1370 1441 1452 1535 1521 1502 1640 1655 1802 1867 1852 1838 1806 1794 1781 1761 1653 1658 1634 1586 1588 1595 1609 1605 1616 1614 1640 1782 1817 1838 1901 1781 1758 1714 1692 1699 1682 1634 1613 1595
1705 1674 1514 1496 1493 1494 1490 1496 1468 1453 1448 1444 1443 1445 1486 1713 1770 1757 1921 1755 1790 1865 1878 1901 1817 1769 1747 1710 1720 1719 1696 1690 1694 1675 1627 1670 1762 1775 1861 1945 1952 1524 1367 1367 1367 1367 1415 1515 1517 1555 1502 1625 1646 1743 1834 1841 1850 1843 1812 1791 1775 1700 1702 1638 1584 1587 1591 1604 1615 1635 1625 1704 1708 1714 1775 1874 1828 1784 1745 1714 1684 1674 1659 1638 1616
1616 1554 1506 1497 1483 1476 1479 1484 1464 1451 1447 1442 1441 1441 1458 1607 1652 1765 1967 1847 1837 1988 1940 1895 1898 1845 1846 1800 1787 1740 1710 1704 1705 1691 1674 1653 1633 1606 1697 1757 1645 1419 1377 1368 1367 1367 1374 1514 1532 1586 1562 1588 1690 1751 1831 1847 1863 1873 1852 1800 1763 1762 1740 1621 1583 1586 1589 1594 1618 1633 1646 1735 1748 1710 1736 1833 1811 1753 1747 1713 1706 1697 1707 1657 1642
1702 1526 1494 1487 1475 1471 1468 1480 1465 1448 1441 1441 1440 1440 1451 1651 1752 1847 2018 2079 1959 1998 1977 1896 1841 1912 1910 1875 1783 1771 1817 1704 1737 1764 1754 1748 1731 1680 1673 1705 1529 1384 1373 1369 1367 1368 1368 1389 1507 1521 1554 1632 1762 1802 1842 1847 1851 1851 1825 1789 1759 1738 1721 1612 1582 1584 1586 1594 1626 1626 1711 1715 1721 1755 1759 1822 1736 1714 1725 1719 1756 1760 1781 1718 1677
1607 1572 1485 1481 1468 1467 1461 1467 1460 1443 1441 1439 1438 1438 1440 1517 1675 1900 2013 2056 2086 1948 1980 1923 1836 1812 1872 1892 1756 1788 1793 1765 1791 1756 1747 1754 1767 1819 1845 1577 1394 1370 1370 1369 1368 1368 1368 1372 1417 1470 1580 1731 1798 1838 1848 1842 1834 1826 1805 1788 1745 1712 1682 1614 1582 1583 1584 1620 1636 1664 1773 1767 1745 1746 1798 1810 1759 1777 1794 1771 1813 1844 1845 1815 1776
1561 1616 1496 1470 1464 1459 1457 1450 1446 1442 1439 1438 1437 1437 1438 1446 1519 1742 1832 1864 1986 1936 1899 1892 1836 1759 1727 1779 1803 1811 1842 1831 1759 1745 1745 1752 1787 1842 1784 1404 1367 1368 1368 1371 1372 1391 1368 1371 1391 1427 1584 1755 1830 1860 1843 1834 1827 1811 1788 1775 1741 1667 1662 1596 1582 1582 1583 1634 1645 1727 1792 1794 1782 1766 1815 1813 1801 1804 1830 1864 1833 1838 1868 1903 1935
1564 1553 1501 1469 1462 1457 1450 1445 1442 1439 1437 1437 1437 1437 1438 1447 1497 1669 1684 1727 1845 2007 1856 1883 1888 1775 1693 1700 1816 1845 1822 1778 1758 1765 1749 1759 1796 1832 1498 1369 1368 1368 1367 1380 1399 1427 1387 1372 1396 1428 1503 1723 1826 1849 1763 1773 1831 1803 1775 1765 1728 1642 1635 1592 1582 1582 1583 1595 1673 1803 1812 1831 1806 1790 1784 1801 1811 1806 1814 1839 1848 1851 1883 1918 1951
1704 1629 1497 1461 1456 1451 1445 1441 1438 1436 1435 1435 1436 1436 1437 1439 1503 1829 1900 1935 1965 2052 1931 1881 1899 1756 1688 1687 1717 1812 1825 1797 1764 1766 1756 1766 1799 1674 1403 1371 1370 1369 1371 1391 1443 1410 1385 1393 1390 1489 1475 1629 1724 1746 1746 1849 1839 1812 1781 1764 1715 1641 1613 1593 1584 1583 1583 1626 1801 1812 1830 1833 1816 1792 1777 1777 1782 1789 1801 1813 1821 1843 1886 1914 1920
1764 1620 1491 1456 1449 1444 1440 1437 1434 1434 1434 1434 1434 1435 1436 1438 1517 1764 1877 1962 2229 2268 2082 1925 1959 1810 1712 1695 1714 1794 1848 1826 1778 1754 1753 1768 1707 1550 1417 1387 1369 1369 1414 1437 1450 1379 1370 1421 1374 1446 1536 1738 1845 1791 1903 1867 1808 1778 1757 1755 1709 1660 1618 1596 1584 1583 1583 1705 1846 1858 1839 1852 1831 1799 1779 1777 1779 1784 1800 1828 1846 1843 1858 1881 1919
1804 1637 1472 1451 1448 1442 1439 1436 1434 1434 1434 1434 1434 1434 1434 1438 1466 1606 1779 1932 2230 2383 2143 2004 2003 1873 1770 1749 1863 1889 1839 1820 1797 1748 1745 1734 1629 1455 1530 1504 1436 1447 1470 1493 1475 1366 1360 1369 1371 1413 1695 1901 1921 1923 1926 1873 1777 1745 1726 1701 1670 1646 1627 1595 1586 1584 1607 1838 1890 1887 1874 1875 1863 1851 1785 1781 1780 1783 1805 1820 1848 1859 1865 1867 1874
1775 1630 1480 1452 1448 1440 1436 1434 1434 1434 1434 1434 1434 1434 1434 1434 1454 1616 1817 1954 2159 2359 2167 1963 1900 1964 1907 1915 1986 1953 1869 1836 1822 1770 1745 1628 1512 1482 1562 1558 1571 1592 1576 1558 1524 1378 1361 1362 1366 1435 1758 1957 1954 1910 1878 1839 1794 1742 1753 1705 1685 1642 1611 1589 1586 1586 1685 1868 1888 1872 1882 1878 1852 1851 1819 1792 1786 1785 1792 1814 1821 1834 1833 1819 1810
1766 1578 1469 1455 1447 1438 1434 1434 1434 1434 1434 1434 1434 1434 1434 1434 1441 1571 1807 1913 2016 2083 2177 2079 2062 2090 2011 2065 2105 2038 1927 1817 1786 1776 1780 1626 1556 1540 1549 1615 1656 1678 1666 1634 1556 1384 1365 1364 1367 1439 1816 2013 1977 1927 1873 1813 1790 1768 1745 1721 1665 1623 1594 1588 1587 1588 1752 1890 1890 1877 1859 1848 1840 1848 1833 1797 1796 1800 1799 1798 1799 1796 1785 1760 1761
1702 1548 1472 1458 1449 1435 1434 1434 1434 1434 1434 1434 1434 1434 1434 1434 1440 1483 1636 1746 1843 2062 2294 2245 2199 2172 2104 2113 2169 2081 1932 1806 1748 1701 1690 1651 1639 1559 1547 1628 1666 1756 1783 1733 1669 1436 1400 1372 1374 1467 1777 2076 2013 1942 1867 1804 1792 1787 1803 1776 1695 1638 1599 1589 1589 1589 1808 1883 1899 1907 1884 1850 1838 1830 1834 1806 1804 1835 1838 1822 1803 1773 1752 1746 1738
1558 1565 1644 1527 1464 1442 1434 1434 1434 1434 1434 1434 1434 1434 1434 1434 1448 1469 1661 1893 1949 1999 2182 2336 2255 2164 2165 2153 2133 2002 1839 1765 1707 1654 1625 1620 1610 1569 1587 1604 1645 1718 1864 1829 1782 1581 1451 1393 1390 1455 1734 2040 2030 1962 1852 1778 1764 1791 1835 1810 1734 1662 1611 1598 1592 1597 1754 1843 1865 1907 1899 1883 1868 1857 1866 1878 1831 1834 1870 1854 1829 1797 1759 1743 1731
1577 1684 1756 1730 1640 1460 1434 1434 1434 1434 1434 1434 1434 1434 1434 1434 1452 1481 1654 1748 1732 1864 2077 2260 2295 2277 2226 2203 2180 2033 1838 1770 1716 1646 1607 1615 1604 1605 1617 1617 1640 1696 1838 1905 1852 1690 1505 1435 1415 1453 1677 1949 1922 1903 1873 1781 1762 1788 1854 1835 1755 1668 1615 1605 1596 1641 1870 1849 1887 1952 1957 1917 1901 1914 1914 1925 1889 1871 1872 1855 1849 1828 1806 1766 1724
1738 1734 1733 1724 1728 1487 1434 1434 1434 1434 1434 1434 1434 1434 1434 1434 1446 1516 1800 2013 2002 2117 2184 2330 2261 2420 2342 2251 2227 1942 1826 1783 1745 1649 1604 1612 1632 1634 1647 1649 1653 1698 1835 1956 1953 1802 1549 1468 1438 1490 1712 1903 1917 1932 1837 1782 1761 1775 1845 1840 1753 1662 1626 1614 1601 1670 1872 1890 1921 1962 1940 1918 1922 1942 1962 1972 1959 1921 1898 1843 1822 1805 1807 1772 1732
1738 1714 1687 1670 1630 1455 1434 1434 1434 1434 1434 1434 1434 1434 1434 1438 1462 1531 1736 1885 2063 2297 2274 2103 2035 2308 2439 2337 2031 1802 1732 1715 1673 1612 1615 1624 1641 1652 1670 1692 1694 1704 1767 1956 2078 1924 1674 1588 1498 1520 1641 1804 1868 1838 1811 1771 1763 1785 1827 1795 1757 1687 1646 1632 1610 1697 1819 1900 1897 1874 1871 1895 1917 1949 1974 1999 1988 1944 1902 1838 1790 1758 1736 1716 1701
1683 1678 1667 1610 1525 1438 1434 1434 1434 1434 1434 1434 1434 1434 1438 1448 1471 1656 1850 1884 2175 2275 2322 2037 1897 2103 2211 2079 1817 1713 1691 1647 1595 1594 1599 1619 1663 1684 1702 1733 1741 1734 1789 1934 2087 1929 1702 1668 1592 1626 1676 1844 1822 1805 1818 1809 1797 1879 1812 1775 1746 1683 1675 1652 1655 1731 1805 1871 1853 1813 1837 1871 1902 1944 1974 1988 1979 1955 1887 1818 1774 1734 1702 1687 1682
1646 1660 1659 1584 1465 1434 1434 1434 1434 1434 1434 1434 1434 1435 1451 1466 1499 1691 1855 2069 2165 1949 1953 1967 1792 1855 1777 1704 1631 1636 1662 1674 1603 1594 1597 1611 1661 1702 1724 1740 1752 1750 1812 1935 2051 1800 1764 1704 1780 1724 1708 1832 1835 1764 1841 1845 1898 1885 1801 1767 1719 1736 1706 1689 1730 1743 1781 1803 1775 1799 1865 1909 1924 1971 1998 1988 1982 1942 1870 1803 1757 1733 1694 1687 1697
1626 1637 1639 1579 1481 1434 1434 1434 1434 1434 1434 1434 1434 1436 1456 1469 1499 1668 1923 2119 2278 2086 1887 1709 1653 1668 1530 1502 1487 1579 1602 1609 1615 1608 1647 1628 1642 1654 1723 1751 1757 1781 1851 1962 2076 1872 1771 1817 1865 1715 1771 1883 1822 1744 1741 1838 1925 1866 1807 1759 1747 1749 1736 1743 1747 1747 1777 1828 1818 1818 1870 1977 2009 1955 2007 2015 1978 1918 1838 1785 1756 1737 1704 1713 1732
1630 1634 1621 1560 1466 1437 1434 1434 1434 1434 1434 1434 1434 1434 1468 1494 1504 1657 1822 1988 2237 2251 2103 1790 1611 1554 1423 1402 1400 1410 1459 1517 1603 1620 1644 1645 1654 1678 1759 1775 1797 1835 1874 1925 2045 1877 1832 1750 1785 1749 1858 1916 1840 1748 1699 1771 1985 1920 1867 1802 1801 1790 1767 1759 1769 1738 1767 1843 1857 1872 1941 2024 2062 1994 2032 2073 2028 1898 1843 1802 1759 1729 1743 1804 1791
1614 1615 1597 1567 1503 1456 1435 1434 1434 1434 1434 1434 1434 1434 1497 1546 1565 1564 1614 1777 2052 2277 2185 1944 1686 1498 1398 1376 1375 1380 1396 1513 1579 1606 1645 1650 1683 1736 1819 1815 1817 1864 1924 1965 1884 1788 1787 1782 1759 1832 1934 1945 1828 1716 1691 1752 2011 1941 1899 1843 1843 1830 1807 1807 1772 1730 1752 1821 1836 1884 1995 2113 2118 2063 2135 2039 1977 1939 1861 1824 1796 1800 1823 1820 1804
1592 1586 1591 1554 1515 1482 1447 1434 1434 1434 1434 1434 1434 1458 1597 1624 1628 1635 1616 1624 1773 1967 2176 1915 1679 1426 1375 1366 1365 1370 1400 1484 1542 1594 1616 1651 1705 1780 1863 1859 1854 1879 1951 1979 1784 1735 1739 1750 1763 1885 1957 1911 1816 1695 1685 1795 2012 1974 1936 1894 1875 1837 1823 1848 1801 1722 1737 1797 1818 1860 1942 2089 2159 2142 2131 2036 1955 1965 1897 1878 1856 1853 1841 1836 1848
