map_input.txt
ncols        1321
nrows        481
xllcorner    -122.008333333333
yllcorner    36.991666666667
cellsize     0.016666666667
[rows 190 to 227 of 481, columns 425 to 509 of 1321]
2028 1990 2034 2082 2164 2105 2041 1923 1818 1752 1685 1635 1606 1620 1737 1936 1956 1863 1781 1722 1669 1712 1806 1910 1994 2094 2198 2208 2174 2095 1993 1934 1879 1872 1844 1785 1747 1728 1701 1690 1700 1678 1636 1632 1636 1633 1646 1693 1689 1656 1693 1731 1825 1995 2111 2061 1985 1901 1901 1904 1835 1824 1919 1981 1968 1858 1847 1946 2169 2247 2075 1939 1903 2002 2135 2164 2086 2020 1932 1889 1918 1958 2042 1930 1832
1972 2015 2072 2198 2261 2158 1992 1906 1827 1748 1660 1618 1614 1682 1851 2143 2148 2001 1884 1775 1690 1768 1884 1955 2071 2138 2156 2080 2099 2026 1935 1900 1867 1832 1809 1799 1759 1750 1710 1706 1726 1732 1686 1659 1652 1659 1685 1726 1755 1717 1741 1780 1930 2039 2135 2253 2081 2027 2020 2023 1846 1796 1904 1888 1961 1816 1823 1997 2172 2369 2226 2016 1939 2031 2184 2209 2020 1970 1897 1832 1827 1855 1861 1820 1756
1972 2048 2230 2412 2307 2170 2041 1931 1815 1724 1655 1617 1651 1726 1874 2128 2200 2041 1951 1834 1708 1787 1949 2066 2089 2072 2098 2048 1989 1939 1885 1862 1842 1821 1809 1783 1764 1765 1762 1736 1764 1791 1742 1687 1690 1687 1703 1784 1814 1793 1801 1840 2041 2059 2185 2303 2144 2059 2106 2038 1864 1774 1767 1808 1849 1779 1856 1964 2138 2399 2411 2135 2008 2108 2331 2284 2091 1987 1984 1889 1789 1770 1759 1724 1699
1915 1982 2224 2402 2411 2322 2138 2025 1882 1760 1661 1620 1671 1761 1839 1986 2100 2063 1945 1838 1730 1842 2031 2042 1968 2068 2145 2048 1961 1896 1844 1844 1813 1802 1793 1778 1768 1790 1832 1781 1769 1826 1771 1721 1729 1733 1727 1827 1885 1882 1889 1928 2066 2096 2176 2208 2107 2005 2067 1988 1860 1832 1801 1746 1725 1789 1821 1943 2104 2314 2424 2319 2092 2123 2359 2343 2137 2021 2118 1989 1778 1726 1707 1678 1657
1817 1865 1969 2064 2104 2026 1992 1933 1842 1714 1648 1672 1692 1778 1832 1950 2127 2086 1961 1855 1752 1894 2038 1940 1916 2081 2162 1972 1925 1857 1811 1814 1797 1772 1776 1784 1807 1815 1803 1780 1769 1816 1815 1775 1814 1801 1767 1788 1848 1938 1977 1997 2013 2027 2070 2128 2022 1899 1917 1877 1824 1787 1822 1802 1702 1750 1831 1885 1961 2100 2191 2285 2200 2215 2313 2167 1966 1896 1886 1789 1726 1703 1691 1659 1635
1810 1782 1753 1844 2004 1924 1860 1801 1718 1666 1741 1810 1736 1736 1891 2065 2141 2048 1903 1802 1754 1826 1900 1852 1899 2080 2089 1917 1879 1847 1806 1777 1756 1754 1759 1781 1859 1868 1859 1834 1803 1847 1893 1863 1867 1896 1832 1808 1884 1915 2061 2125 2026 1881 1949 2063 1949 1803 1853 1867 1760 1712 1759 1736 1688 1754 1787 1827 1880 2004 2144 2249 2302 2186 2037 1917 1844 1812 1789 1745 1730 1732 1678 1646 1625
1979 1973 1844 1770 1833 1840 1734 1679 1687 1750 1876 1932 1918 1828 2096 2190 2140 2033 1891 1808 1795 1810 1846 1859 1976 2058 1981 1876 1834 1800 1772 1754 1752 1737 1749 1778 1824 1916 1903 1871 1825 1909 1998 1989 1951 1988 1927 1874 1927 1947 2007 2059 1992 1831 1822 1916 1861 1730 1762 1841 1747 1686 1716 1669 1720 1755 1799 1860 1930 2046 2215 2345 2369 2217 1945 1810 1770 1754 1745 1764 1757 1722 1670 1632 1609
2022 1973 1885 1791 1749 1700 1659 1679 1747 1841 2004 2090 2002 2036 2222 2254 2124 2024 1904 1870 1904 1930 1983 1948 1977 1924 1892 1824 1775 1752 1748 1740 1733 1712 1776 1806 1817 1907 1908 1915 1864 1905 2027 2061 2056 2095 2103 2050 2079 2053 2062 2059 1931 1782 1754 1757 1744 1684 1704 1716 1691 1656 1663 1648 1716 1761 1800 1872 2022 2200 2377 2565 2396 2089 1848 1758 1723 1707 1691 1678 1673 1660 1639 1615 1593
1919 1930 1859 1811 1732 1664 1687 1731 1810 2016 2278 2270 2183 2262 2291 2202 2130 2011 1896 1965 1929 1911 1939 1976 1927 1876 1829 1770 1745 1724 1749 1783 1710 1715 1766 1800 1823 1866 1897 1955 1896 1901 1991 1990 1964 1948 2001 2069 2205 2183 2134 2148 1983 1802 1710 1680 1695 1666 1642 1664 1641 1629 1617 1675 1737 1800 1843 1905 2066 2237 2490 2495 2156 1931 1811 1737 1687 1658 1644 1623 1616 1608 1605 1601 1591
1925 1889 1825 1767 1711 1680 1719 1773 1851 1986 2167 2263 2262 2257 2245 2305 2158 2028 2033 2050 1997 1889 1848 1848 1802 1847 1787 1723 1708 1698 1730 1737 1685 1758 1853 1921 1876 1887 1897 1956 1930 1876 1859 1877 1881 1887 1977 2048 2087 2159 2093 2137 2095 1928 1745 1678 1647 1632 1605 1609 1614 1603 1615 1681 1747 1800 1824 1906 2042 2254 2483 2437 2100 1888 1818 1727 1684 1643 1614 1594 1583 1574 1575 1591 1602
1941 1876 1818 1744 1690 1699 1744 1789 1845 1924 2000 2039 2075 2108 2090 2078 2109 2202 2316 2173 2018 1906 1854 1844 1842 1810 1764 1714 1680 1665 1666 1657 1709 1824 1953 2087 2071 2058 2009 2020 1936 1849 1811 1796 1799 1861 1912 1943 1987 2052 2054 1970 1929 1846 1884 1753 1662 1643 1604 1593 1603 1584 1602 1639 1694 1731 1795 1885 1992 2181 2354 2220 1983 1904 1869 1705 1679 1697 1725 1657 1585 1556 1549 1570 1597
1954 1848 1801 1736 1703 1697 1720 1751 1781 1819 1857 1897 1923 1967 1963 2001 2167 2334 2386 2145 2003 1937 1857 1827 1827 1840 1772 1730 1676 1645 1641 1671 1739 1845 1935 2008 2075 2135 2120 2071 1943 1872 1832 1823 1782 1789 1826 1843 1907 1956 2050 2014 1917 1888 1916 1765 1662 1653 1596 1567 1578 1573 1604 1620 1677 1728 1818 1922 2014 2162 2379 2071 1894 1944 1792 1675 1660 1744 1767 1672 1598 1549 1531 1553 1590
1891 1877 1794 1746 1718 1705 1710 1768 1815 1836 1820 1843 1878 1913 1965 2053 2181 2437 2347 2158 2057 1994 1908 1835 1849 1818 1745 1692 1662 1632 1646 1692 1757 1819 1870 1956 2059 2107 2177 2219 2074 1923 1833 1827 1775 1757 1777 1831 1907 1969 2003 1990 1943 1926 1880 1770 1662 1606 1583 1556 1552 1577 1583 1607 1644 1695 1782 1874 1976 2138 2258 1992 1865 1826 1767 1701 1670 1655 1656 1606 1567 1532 1516 1534 1580
1840 1824 1776 1738 1731 1728 1715 1751 1814 1846 1865 1900 1929 2001 2089 2150 2267 2500 2239 2113 2011 1944 1856 1833 1904 1777 1723 1686 1656 1627 1641 1684 1758 1810 1869 1912 1932 2056 2187 2257 2069 1916 1881 1911 1791 1711 1735 1829 1857 1887 1947 1951 1879 1875 1821 1776 1685 1623 1588 1561 1541 1557 1574 1598 1634 1684 1741 1825 1923 2031 2153 2004 1895 1887 1786 1699 1684 1655 1592 1551 1531 1514 1505 1513 1530
1799 1789 1777 1759 1755 1749 1734 1736 1794 1804 1852 1914 1980 2028 2083 2142 2262 2329 2185 2085 1976 1915 1828 1795 1794 1726 1687 1652 1632 1616 1626 1670 1733 1800 1814 1847 1903 2015 2095 2192 2098 2003 2047 1937 1803 1696 1700 1756 1835 1916 1998 2033 1941 1951 1921 1866 1756 1646 1593 1561 1535 1544 1578 1612 1649 1697 1751 1802 1902 2011 2239 2080 1930 1928 1822 1764 1715 1621 1568 1541 1518 1498 1488 1495 1517
1869 1840 1813 1789 1782 1769 1756 1740 1770 1798 1822 1878 1942 2003 2063 2158 2323 2242 2059 1995 1911 1848 1784 1752 1745 1686 1657 1634 1610 1601 1617 1667 1721 1755 1756 1792 1877 1932 1972 2106 2101 1972 2017 1935 1774 1672 1688 1798 1880 1962 2122 2136 2058 2011 1913 1849 1755 1633 1580 1550 1524 1537 1574 1613 1653 1693 1751 1822 1909 2015 2173 2085 1890 1874 1799 1717 1668 1609 1557 1522 1496 1480 1475 1476 1480
1877 1842 1826 1820 1803 1784 1767 1754 1772 1794 1831 1884 1941 1992 2068 2200 2282 2077 1941 1881 1844 1808 1770 1732 1670 1642 1619 1612 1619 1616 1640 1708 1675 1669 1725 1728 1781 1851 1875 1976 1969 1917 1934 1919 1779 1651 1678 1748 1831 1913 1951 2003 2058 1978 1890 1902 1729 1625 1567 1535 1514 1528 1558 1597 1631 1667 1719 1791 1923 2059 2151 2019 1867 1785 1714 1676 1632 1582 1538 1507 1481 1463 1455 1455 1457
1891 1864 1847 1827 1806 1789 1785 1763 1772 1797 1837 1883 1921 1977 2062 2243 2080 1929 1861 1815 1793 1771 1757 1745 1648 1621 1658 1671 1672 1682 1658 1614 1664 1676 1673 1671 1731 1774 1792 1834 1828 1827 1855 1855 1766 1634 1685 1712 1783 1786 1823 1903 1899 1919 1845 1845 1788 1649 1575 1525 1505 1519 1545 1579 1631 1675 1759 1864 1918 2053 2058 1921 1839 1766 1709 1663 1629 1581 1522 1486 1463 1443 1432 1429 1431
1901 1873 1852 1830 1822 1810 1792 1774 1786 1799 1826 1874 1918 1963 2047 2124 1958 1844 1791 1762 1745 1732 1725 1689 1632 1642 1683 1762 1728 1770 1775 1669 1624 1615 1600 1621 1651 1688 1699 1726 1765 1741 1768 1798 1750 1616 1671 1757 1852 1895 1948 1953 1833 1792 1782 1715 1666 1626 1556 1522 1501 1505 1531 1571 1652 1714 1829 1909 1980 2098 2014 1917 1824 1757 1706 1666 1660 1622 1531 1464 1441 1422 1412 1409 1411
1914 1885 1868 1853 1835 1814 1791 1794 1809 1810 1836 1870 1903 1947 2091 2066 1868 1782 1738 1719 1707 1692 1684 1667 1678 1667 1695 1777 1811 1807 1798 1725 1708 1628 1601 1572 1574 1593 1623 1666 1677 1715 1679 1690 1670 1632 1689 1787 1967 1978 2001 1980 1844 1790 1777 1728 1692 1638 1554 1507 1486 1493 1519 1576 1683 1752 1809 1857 1916 1997 1948 1877 1868 1855 1768 1681 1603 1578 1519 1447 1415 1401 1395 1393 1396
1935 1897 1874 1853 1833 1818 1801 1804 1818 1830 1848 1875 1911 1987 2125 2012 1810 1726 1699 1687 1678 1664 1648 1639 1659 1691 1755 1810 1885 1870 1878 1794 1790 1690 1626 1587 1573 1557 1561 1566 1566 1607 1717 1693 1612 1708 1823 1845 1880 1967 1967 1881 1774 1741 1717 1743 1688 1603 1532 1499 1477 1485 1520 1567 1632 1701 1767 1752 1803 1790 1777 1879 1964 2064 1907 1727 1575 1503 1461 1414 1391 1382 1379 1379 1385
1940 1904 1874 1857 1841 1825 1817 1830 1811 1815 1833 1870 1925 2032 2049 1898 1743 1691 1673 1665 1657 1643 1644 1662 1681 1713 1816 1910 1980 1980 1922 1864 1798 1720 1646 1605 1603 1585 1573 1565 1560 1583 1635 1681 1604 1774 1843 1826 1812 1922 1980 1884 1732 1659 1630 1638 1666 1600 1531 1478 1470 1481 1504 1531 1564 1632 1674 1668 1644 1639 1676 1775 1899 2027 1965 1784 1486 1424 1405 1382 1367 1364 1363 1365 1381
1944 1905 1880 1861 1841 1836 1800 1796 1774 1797 1807 1853 1959 2006 1874 1783 1702 1669 1661 1655 1648 1650 1677 1700 1715 1765 1880 2095 2073 2030 1935 1864 1741 1679 1669 1667 1691 1693 1660 1672 1669 1714 1657 1569 1571 1679 1722 1748 1752 1828 1876 1903 1757 1699 1666 1593 1609 1528 1493 1466 1462 1479 1477 1487 1506 1534 1548 1562 1536 1544 1596 1663 1655 1750 1688 1552 1390 1362 1358 1350 1345 1344 1345 1348 1366
1948 1910 1886 1859 1830 1801 1823 1816 1768 1758 1774 1806 1862 1902 1783 1728 1690 1672 1663 1657 1652 1666 1691 1725 1762 1813 1914 2060 2005 1928 1836 1774 1710 1668 1692 1706 1768 1826 1744 1835 1792 1757 1719 1570 1524 1569 1657 1698 1693 1727 1764 1832 1760 1782 1685 1549 1513 1484 1467 1461 1449 1463 1455 1453 1467 1488 1491 1474 1468 1469 1472 1485 1472 1451 1408 1353 1328 1320 1320 1318 1320 1321 1324 1327 1330
1940 1907 1882 1860 1831 1827 1890 1849 1800 1745 1741 1761 1777 1773 1729 1710 1682 1671 1671 1667 1663 1673 1695 1727 1758 1797 1852 1912 1907 1823 1790 1749 1710 1677 1700 1735 1769 1865 1888 1892 1838 1734 1679 1581 1528 1516 1581 1641 1630 1651 1663 1674 1663 1670 1660 1529 1481 1462 1449 1444 1450 1461 1441 1428 1436 1454 1425 1420 1415 1408 1398 1379 1357 1332 1309 1301 1297 1296 1297 1301 1303 1306 1309 1310 1308
1931 1904 1881 1857 1834 1898 1996 1901 1817 1771 1735 1718 1714 1708 1699 1690 1688 1682 1677 1670 1670 1679 1694 1720 1746 1759 1781 1811 1806 1762 1737 1708 1705 1720 1797 1809 1842 1971 1976 1886 1838 1848 1773 1613 1527 1506 1583 1606 1588 1595 1596 1584 1575 1570 1569 1507 1453 1435 1423 1414 1424 1432 1414 1404 1392 1385 1382 1381 1375 1363 1347 1327 1310 1301 1296 1293 1292 1292 1293 1296 1297 1299 1299 1297 1296
1935 1906 1886 1862 1856 1976 2003 1888 1817 1775 1744 1725 1711 1702 1705 1707 1718 1698 1683 1677 1676 1686 1699 1714 1722 1730 1747 1762 1756 1735 1720 1715 1732 1773 1855 1877 1933 1974 2017 1992 1979 1874 1725 1628 1528 1504 1641 1640 1568 1550 1533 1521 1512 1503 1509 1482 1426 1411 1404 1400 1449 1458 1411 1386 1368 1361 1357 1354 1347 1331 1319 1309 1302 1299 1295 1293 1292 1291 1291 1293 1293 1294 1293 1292 1291
1935 1911 1885 1861 1891 2007 1984 1928 1819 1771 1745 1725 1719 1728 1743 1747 1736 1727 1702 1689 1682 1691 1708 1731 1752 1745 1741 1760 1757 1748 1740 1745 1755 1804 1902 1992 2063 1988 2049 2062 1977 1785 1664 1581 1519 1510 1628 1626 1560 1509 1487 1480 1468 1456 1454 1440 1407 1397 1390 1389 1415 1407 1418 1385 1354 1347 1340 1335 1330 1320 1314 1308 1303 1299 1295 1293 1292 1290 1290 1291 1290 1290 1290 1290 1289
1988 1932 1896 1898 1933 1976 1910 1856 1822 1769 1747 1739 1746 1777 1795 1824 1804 1744 1718 1700 1689 1696 1710 1727 1753 1772 1753 1770 1795 1804 1773 1773 1789 1848 1946 1996 2020 1977 1909 1894 1814 1705 1618 1544 1496 1538 1540 1533 1514 1493 1461 1453 1453 1437 1416 1405 1411 1407 1386 1379 1384 1387 1378 1365 1349 1340 1334 1328 1336 1371 1346 1308 1303 1299 1296 1294 1292 1291 1290 1290 1290 1290 1289 1289 1288
2075 2026 1923 1975 2003 1950 1912 1895 1825 1796 1769 1768 1782 1812 1873 1911 1868 1792 1740 1720 1703 1700 1714 1731 1748 1760 1764 1784 1802 1826 1801 1810 1839 1922 2063 2115 2192 2107 1967 1860 1717 1650 1592 1536 1493 1492 1483 1472 1466 1460 1455 1451 1453 1446 1430 1429 1449 1440 1389 1380 1369 1369 1367 1360 1349 1341 1335 1331 1352 1426 1455 1314 1302 1299 1296 1294 1292 1290 1290 1289 1288 1288 1288 1288 1288
2055 1981 1981 2030 1969 1893 1877 1928 1880 1917 1857 1811 1858 1869 1875 1850 1826 1784 1757 1733 1715 1707 1724 1739 1764 1780 1778 1794 1824 1856 1844 1862 1906 1955 2033 2088 2110 1993 1881 1776 1673 1611 1568 1525 1489 1474 1471 1469 1466 1462 1459 1464 1473 1534 1552 1494 1481 1436 1408 1394 1404 1370 1361 1352 1347 1338 1333 1331 1326 1321 1326 1306 1302 1300 1297 1295 1292 1290 1289 1288 1288 1288 1288 1288 1289
1983 1930 1904 1911 1886 1854 1868 1976 1955 1950 1954 1891 2043 1995 1950 1872 1851 1798 1756 1737 1727 1717 1725 1750 1774 1793 1796 1811 1838 1870 1897 1922 1995 2122 2068 1954 1934 1932 1841 1711 1650 1590 1546 1514 1489 1477 1470 1468 1467 1465 1470 1499 1533 1590 1647 1646 1576 1482 1446 1422 1390 1367 1355 1346 1341 1339 1333 1327 1322 1318 1312 1307 1303 1300 1298 1295 1293 1290 1289 1287 1287 1287 1288 1287 1287
1958 1887 1862 1852 1838 1831 1846 1939 1993 2034 2101 2018 2137 2024 1948 1890 1860 1840 1788 1754 1738 1728 1730 1761 1783 1792 1801 1822 1852 1903 1956 1980 2083 2216 2094 2040 1842 1769 1726 1657 1610 1574 1536 1508 1490 1487 1471 1468 1468 1473 1494 1530 1571 1652 1804 1833 1693 1550 1477 1431 1397 1371 1348 1338 1334 1332 1329 1325 1320 1316 1312 1307 1304 1301 1298 1295 1293 1290 1289 1287 1287 1287 1287 1287 1286
1947 1869 1839 1820 1817 1822 1842 1878 1941 2015 2101 2141 2238 2056 1962 1888 1869 1829 1787 1765 1750 1743 1744 1749 1768 1789 1808 1830 1862 1920 2011 2037 2140 2227 2135 1962 1839 1761 1689 1639 1596 1560 1528 1502 1484 1474 1471 1471 1478 1498 1528 1571 1639 1751 1995 1879 1732 1580 1503 1459 1447 1382 1344 1331 1327 1326 1323 1321 1319 1350 1315 1305 1303 1300 1298 1295 1293 1291 1290 1288 1287 1287 1287 1286 1286
1885 1832 1816 1823 1846 1830 1842 1870 1910 1992 2094 2175 2195 2026 1949 1909 1915 1910 1810 1777 1766 1764 1769 1763 1756 1785 1815 1833 1856 1889 1937 1997 2077 2167 2075 1925 1832 1749 1666 1617 1577 1545 1517 1494 1481 1477 1476 1487 1506 1533 1571 1629 1730 1939 2235 2029 1754 1613 1528 1487 1465 1391 1339 1325 1321 1319 1318 1317 1317 1362 1330 1303 1301 1299 1297 1295 1293 1292 1290 1287 1286 1287 1286 1285 1283
1945 1903 1866 1890 1880 1842 1855 1875 1902 1960 2064 2223 2151 1990 1918 1886 1851 1872 1821 1792 1788 1796 1795 1780 1765 1787 1814 1832 1859 1893 1948 1989 2039 2019 1986 1998 1888 1732 1651 1605 1564 1529 1504 1492 1485 1482 1492 1511 1534 1567 1613 1676 1777 1971 2130 1914 1753 1639 1550 1480 1422 1375 1338 1318 1315 1314 1313 1312 1311 1321 1309 1299 1298 1297 1295 1294 1292 1290 1289 1287 1286 1286 1286 1284 1282
2125 2011 1963 1889 1852 1868 1921 1990 1946 1991 2053 2116 2083 1990 1917 1886 1863 1868 1819 1822 1825 1829 1824 1794 1786 1786 1809 1830 1866 1921 2053 2117 2176 2194 2259 2109 1866 1726 1639 1581 1545 1521 1509 1502 1499 1493 1507 1530 1557 1590 1635 1691 1792 2021 2171 1965 1760 1644 1553 1475 1414 1364 1328 1312 1309 1309 1308 1307 1307 1318 1331 1296 1295 1295 1294 1292 1290 1290 1288 1287 1286 1287 1286 1283 1282
2012 1936 1893 1837 1854 1912 2007 2078 1991 2015 2039 2020 1984 1956 1912 1890 1870 1849 1842 1863 1871 1863 1845 1824 1821 1803 1804 1832 1873 1931 2013 2127 2253 2347 2246 2014 1822 1710 1633 1578 1545 1533 1522 1517 1512 1504 1519 1544 1575 1612 1656 1713 1815 2016 2194 1965 1810 1646 1547 1468 1408 1355 1318 1306 1304 1304 1304 1303 1303 1311 1302 1295 1294 1294 1293 1291 1290 1289 1288 1286 1286 1286 1286 1283 1282
