map_input.txt
ncols        1321
nrows        481
xllcorner    -122.008333333333
yllcorner    36.991666666667
cellsize     0.016666666667
[rows 152 to 189 of 481, columns 1190 to 1274 of 1321]
1177 1190 1180 1186 1186 1173 1171 1169 1168 1161 1154 1162 1152 1146 1142 1150 1154 1146 1135 1136 1126 1121 1119 1121 1122 1102 1100 1109 1098 1087 1083 1083 1080 1076 1080 1071 1079 1057 1059 1056 1059 1060 1052 1050 1044 1045 1047 1041 1047 1031 1027 1029 1028 1016 1014 1016 1008 1004 1004 1007 1011 985 977 990 972 981 981 970 970 969 965 968 952 967 952 975 946 945 956 940 934 934 938 947 944
1188 1185 1168 1172 1176 1171 1178 1183 1170 1170 1161 1160 1158 1162 1153 1148 1155 1152 1152 1142 1124 1126 1129 1118 1115 1114 1108 1099 1098 1097 1090 1087 1101 1097 1077 1071 1072 1069 1068 1053 1063 1054 1061 1054 1052 1036 1037 1042 1038 1040 1030 1021 1025 1022 1009 1017 1008 1006 1004 1005 1008 1006 987 987 981 976 980 989 972 974 962 961 966 955 948 946 964 936 948 932 931 931 937 945 953
1189 1180 1176 1178 1170 1169 1180 1187 1188 1172 1165 1164 1167 1174 1164 1160 1153 1145 1160 1150 1139 1132 1126 1121 1119 1114 1114 1115 1104 1099 1092 1097 1101 1099 1081 1086 1077 1076 1069 1062 1069 1054 1054 1056 1050 1048 1038 1054 1033 1043 1063 1035 1035 1019 1014 1019 1017 1012 1000 996 996 993 989 984 979 975 990 984 979 976 972 957 954 964 953 971 949 940 951 942 928 926 934 936 944
1196 1186 1188 1178 1177 1182 1185 1177 1177 1173 1169 1159 1169 1171 1156 1154 1161 1162 1156 1137 1154 1140 1137 1125 1123 1118 1124 1115 1110 1110 1114 1107 1103 1089 1098 1084 1080 1073 1071 1075 1068 1065 1052 1055 1052 1061 1039 1047 1042 1037 1032 1039 1023 1011 1017 1010 1003 1001 1007 998 990 979 982 982 969 975 965 979 984 973 962 976 961 967 957 962 949 951 956 938 942 927 931 928 937
1197 1196 1193 1179 1180 1182 1189 1182 1183 1182 1186 1182 1170 1165 1160 1160 1163 1155 1151 1160 1145 1146 1144 1136 1123 1124 1121 1111 1105 1109 1113 1115 1107 1106 1090 1084 1077 1089 1080 1070 1074 1062 1050 1053 1059 1049 1056 1047 1038 1046 1028 1028 1028 1022 1026 1020 1025 1010 1008 1002 1000 991 987 981 980 982 969 966 963 968 957 963 965 965 943 953 965 957 944 946 943 923 929 928 919
1211 1192 1180 1188 1193 1205 1190 1201 1192 1198 1197 1183 1193 1187 1178 1169 1159 1156 1164 1154 1149 1152 1143 1144 1135 1142 1129 1127 1110 1115 1111 1103 1103 1098 1095 1087 1080 1084 1082 1072 1084 1065 1061 1056 1057 1051 1065 1059 1059 1041 1036 1055 1039 1024 1022 1023 1020 1021 1008 1011 1009 1001 994 998 983 977 979 971 967 969 953 946 956 951 950 948 956 946 935 932 930 926 919 912 926
1193 1208 1202 1190 1182 1182 1184 1192 1183 1187 1200 1195 1198 1194 1192 1186 1182 1178 1168 1161 1152 1147 1143 1143 1143 1137 1136 1137 1136 1136 1137 1127 1126 1116 1108 1102 1097 1090 1086 1080 1077 1076 1061 1063 1064 1058 1059 1050 1065 1043 1033 1039 1046 1033 1032 1024 1020 1021 1027 1015 1002 1008 1000 990 995 995 990 982 966 973 976 961 963 963 948 941 934 929 930 933 931 926 922 925 910
1202 1190 1204 1212 1187 1179 1180 1179 1199 1189 1190 1185 1191 1194 1192 1186 1181 1181 1176 1172 1161 1158 1159 1159 1144 1135 1148 1136 1136 1140 1133 1126 1130 1119 1117 1110 1096 1093 1094 1097 1089 1095 1084 1077 1079 1062 1068 1063 1050 1062 1052 1057 1043 1040 1040 1042 1027 1026 1029 1024 1022 1010 1009 995 990 995 994 986 975 976 983 968 961 957 946 943 949 941 935 938 919 924 912 915 911
1225 1204 1193 1197 1194 1185 1185 1178 1172 1178 1184 1176 1184 1190 1193 1181 1184 1189 1188 1174 1170 1162 1153 1155 1140 1137 1142 1145 1130 1141 1127 1124 1128 1129 1126 1120 1108 1100 1103 1108 1097 1095 1093 1094 1097 1099 1092 1085 1080 1081 1067 1080 1061 1047 1067 1056 1052 1054 1043 1035 1024 1015 1016 1015 1006 1018 1010 996 993 987 990 1002 981 974 955 947 939 939 936 936 926 924 928 906 901
1218 1207 1214 1204 1200 1193 1189 1190 1178 1176 1176 1176 1177 1172 1183 1179 1175 1169 1179 1181 1180 1162 1155 1152 1144 1138 1142 1141 1139 1130 1135 1122 1117 1131 1125 1120 1113 1110 1099 1094 1099 1094 1094 1086 1083 1087 1076 1078 1073 1074 1066 1069 1070 1066 1059 1065 1050 1043 1036 1040 1032 1026 1018 1026 1015 1000 1007 1014 1018 1007 987 979 981 968 960 955 944 942 950 951 933 923 915 915 917
1225 1219 1206 1202 1197 1185 1185 1184 1180 1178 1171 1175 1173 1179 1171 1178 1175 1176 1169 1173 1181 1186 1170 1159 1158 1148 1136 1137 1137 1134 1132 1115 1122 1120 1116 1120 1117 1105 1103 1093 1092 1090 1101 1085 1094 1090 1079 1077 1070 1069 1068 1061 1065 1063 1058 1054 1059 1040 1035 1034 1038 1021 1013 1025 1012 1010 1024 1012 991 994 982 979 974 974 968 970 967 953 951 936 938 931 924 914 919
1227 1217 1212 1210 1204 1198 1190 1185 1181 1178 1174 1172 1169 1172 1171 1175 1172 1173 1163 1176 1187 1180 1188 1181 1165 1162 1148 1144 1145 1136 1133 1125 1122 1126 1108 1107 1115 1110 1107 1099 1098 1098 1096 1085 1090 1091 1078 1072 1067 1066 1073 1065 1060 1057 1063 1050 1050 1040 1037 1033 1025 1019 1010 1017 1017 1014 1003 1008 1002 999 989 987 974 994 970 964 973 963 962 943 933 934 943 930 918
1234 1221 1222 1216 1206 1195 1195 1196 1193 1191 1184 1175 1171 1173 1169 1170 1176 1165 1164 1164 1176 1165 1171 1179 1174 1167 1154 1148 1144 1138 1131 1129 1133 1117 1130 1108 1106 1107 1100 1096 1088 1095 1081 1088 1083 1073 1077 1066 1062 1065 1061 1073 1063 1055 1048 1062 1054 1046 1044 1040 1022 1028 1026 1021 1016 1009 1008 1001 1002 999 1003 989 994 971 980 975 968 956 948 944 935 947 940 935 924
1244 1236 1221 1231 1211 1203 1199 1199 1197 1190 1179 1179 1178 1171 1163 1168 1160 1169 1181 1162 1163 1164 1163 1156 1162 1157 1162 1152 1152 1144 1133 1128 1125 1127 1129 1127 1122 1114 1102 1099 1096 1089 1083 1084 1082 1073 1079 1067 1067 1060 1062 1059 1052 1050 1051 1041 1042 1043 1032 1042 1034 1031 1028 1037 1022 1020 1013 1011 1008 1001 1005 1006 997 982 980 972 965 962 961 948 943 935 932 950 928
1232 1235 1226 1224 1208 1210 1213 1195 1189 1189 1178 1167 1176 1180 1164 1168 1172 1163 1164 1165 1163 1154 1158 1162 1170 1160 1146 1148 1150 1146 1138 1135 1140 1128 1131 1125 1123 1132 1106 1100 1095 1102 1091 1091 1091 1078 1083 1083 1075 1068 1058 1054 1048 1045 1054 1045 1045 1035 1037 1041 1031 1032 1023 1024 1020 1020 1018 1010 1011 1005 993 996 990 1004 975 979 985 957 959 960 945 940 944 936 921
1217 1235 1219 1227 1222 1208 1214 1199 1195 1189 1198 1192 1172 1173 1174 1166 1161 1170 1155 1159 1176 1150 1164 1157 1152 1158 1152 1143 1143 1143 1137 1133 1133 1123 1123 1115 1124 1109 1114 1107 1104 1100 1095 1101 1091 1079 1070 1073 1072 1063 1064 1069 1057 1060 1055 1051 1049 1041 1034 1030 1039 1027 1025 1014 1017 1014 1015 1006 1000 1008 994 987 989 989 984 968 966 967 961 963 954 946 942 935 934
1213 1204 1225 1235 1236 1207 1206 1202 1197 1191 1190 1196 1195 1177 1163 1158 1156 1157 1158 1162 1162 1163 1166 1164 1150 1152 1139 1147 1146 1133 1135 1138 1136 1131 1134 1114 1126 1128 1117 1117 1103 1113 1101 1092 1098 1081 1076 1076 1070 1070 1058 1060 1051 1056 1048 1044 1043 1031 1030 1037 1021 1012 1008 1022 1008 1024 1016 1007 1005 994 995 985 982 980 968 975 980 965 981 965 966 962 958 969 954
1211 1204 1200 1210 1237 1233 1215 1210 1207 1194 1193 1187 1182 1188 1179 1167 1157 1160 1159 1151 1156 1161 1152 1148 1153 1145 1147 1157 1134 1132 1131 1135 1136 1136 1126 1124 1116 1116 1118 1102 1095 1094 1101 1095 1087 1078 1072 1071 1076 1063 1062 1059 1053 1051 1049 1054 1052 1035 1042 1038 1034 1031 1038 1031 1027 1003 1003 1007 999 992 988 994 991 986 991 994 977 976 968 985 956 943 955 953 949
1212 1202 1207 1205 1211 1231 1217 1202 1204 1207 1201 1189 1184 1186 1183 1183 1163 1155 1150 1153 1155 1150 1154 1152 1162 1152 1145 1148 1141 1134 1133 1144 1131 1121 1128 1123 1125 1115 1108 1111 1105 1105 1096 1094 1091 1088 1074 1075 1056 1052 1048 1044 1048 1048 1044 1037 1036 1043 1034 1028 1032 1023 1023 1017 1014 1013 1007 1013 1005 998 999 995 986 985 984 980 974 984 976 978 974 961 958 951 944
1221 1206 1206 1221 1209 1225 1227 1211 1212 1218 1195 1191 1184 1185 1173 1169 1170 1166 1165 1146 1144 1162 1158 1149 1153 1151 1140 1162 1140 1134 1120 1137 1121 1122 1117 1124 1111 1109 1099 1104 1102 1107 1093 1090 1086 1088 1081 1073 1072 1070 1063 1059 1048 1042 1037 1041 1034 1023 1037 1030 1026 1022 1024 1019 1020 1020 1009 1004 1004 999 1012 992 976 989 986 979 966 974 971 969 968 963 955 956 953
1211 1204 1215 1210 1211 1211 1212 1214 1204 1212 1201 1190 1180 1186 1176 1171 1172 1170 1160 1149 1148 1146 1157 1170 1182 1145 1140 1152 1131 1131 1148 1143 1127 1121 1123 1114 1122 1119 1107 1103 1100 1103 1093 1099 1089 1102 1086 1086 1072 1066 1056 1054 1050 1051 1049 1045 1035 1034 1015 1027 1037 1024 1017 1027 1019 1016 1007 1005 993 999 991 986 984 977 982 975 969 961 960 967 964 960 957 946 947
1206 1210 1212 1214 1206 1206 1205 1206 1207 1216 1200 1214 1198 1180 1176 1175 1171 1168 1162 1155 1155 1152 1148 1148 1144 1158 1140 1137 1148 1145 1128 1126 1128 1124 1126 1115 1111 1111 1105 1105 1107 1096 1087 1089 1105 1091 1093 1081 1082 1073 1077 1062 1045 1039 1038 1030 1030 1026 1014 1000 1020 1025 1022 1026 1024 1012 1006 1000 993 992 993 991 986 979 974 970 973 956 951 951 950 951 954 950 949
1207 1212 1206 1205 1206 1218 1215 1200 1199 1212 1210 1209 1198 1187 1174 1180 1177 1174 1157 1159 1155 1178 1148 1161 1141 1145 1143 1142 1143 1147 1139 1138 1139 1126 1115 1127 1126 1127 1100 1105 1109 1110 1093 1085 1079 1080 1075 1076 1066 1066 1063 1056 1059 1044 1053 1042 1039 1032 1017 1007 994 995 998 1013 1001 1002 996 999 995 993 988 985 971 974 977 967 969 957 955 950 945 944 943 945 944
1206 1207 1211 1211 1195 1210 1208 1194 1209 1213 1210 1205 1197 1188 1185 1173 1176 1169 1171 1166 1159 1146 1144 1149 1154 1151 1144 1162 1141 1152 1134 1137 1134 1138 1114 1113 1116 1110 1123 1112 1105 1105 1097 1084 1088 1074 1081 1080 1078 1062 1058 1049 1046 1047 1041 1049 1034 1029 1035 1033 1021 1017 1010 999 993 982 974 998 994 988 989 980 980 973 973 970 968 964 967 967 955 955 941 937 936
1199 1203 1216 1199 1205 1201 1215 1214 1220 1200 1205 1206 1206 1195 1186 1181 1171 1165 1169 1159 1161 1156 1162 1157 1163 1145 1148 1143 1162 1141 1124 1149 1127 1127 1138 1125 1119 1103 1109 1115 1109 1084 1095 1103 1097 1082 1070 1077 1083 1071 1075 1060 1053 1055 1045 1057 1046 1034 1027 1025 1029 1015 1015 1009 1004 997 987 972 966 968 962 959 976 977 976 969 960 959 961 953 950 947 949 941 937
1210 1201 1211 1206 1194 1205 1207 1218 1198 1209 1206 1207 1212 1199 1194 1176 1167 1164 1162 1168 1167 1158 1147 1149 1141 1140 1147 1160 1142 1156 1137 1122 1126 1122 1142 1138 1116 1120 1109 1105 1107 1097 1094 1094 1080 1088 1082 1077 1089 1066 1065 1058 1051 1064 1051 1049 1038 1036 1030 1029 1027 1019 1017 1009 1006 1007 1011 994 984 980 976 972 954 944 945 945 942 950 939 936 942 941 934 939 943
1207 1210 1213 1203 1213 1204 1215 1199 1240 1221 1221 1203 1190 1190 1183 1185 1167 1170 1166 1164 1156 1167 1159 1150 1152 1150 1135 1152 1153 1160 1132 1128 1143 1124 1146 1129 1129 1109 1110 1130 1109 1087 1084 1089 1086 1086 1073 1079 1070 1070 1066 1069 1068 1053 1043 1048 1041 1045 1026 1036 1031 1038 1036 1017 1012 1002 1003 1001 996 997 990 994 1008 989 978 978 963 954 949 945 936 935 930 923 913
1208 1213 1209 1206 1206 1209 1195 1198 1204 1206 1216 1208 1207 1186 1185 1177 1178 1173 1172 1160 1155 1152 1160 1158 1134 1141 1139 1152 1147 1139 1155 1145 1138 1147 1127 1122 1132 1113 1120 1112 1120 1110 1087 1094 1094 1085 1078 1072 1075 1071 1072 1058 1059 1061 1045 1051 1053 1037 1041 1044 1039 1030 1027 1017 1015 1011 1016 1008 1012 1008 1003 997 996 980 981 966 970 963 961 959 957 952 940 938 938
1201 1207 1208 1207 1194 1197 1201 1203 1195 1183 1185 1196 1211 1207 1192 1195 1174 1173 1179 1168 1156 1152 1150 1147 1157 1145 1143 1144 1156 1147 1138 1150 1134 1135 1143 1151 1121 1111 1111 1116 1109 1103 1093 1085 1094 1085 1080 1079 1084 1077 1074 1064 1060 1062 1061 1048 1038 1050 1040 1039 1031 1025 1022 1030 1027 1016 1013 1003 1001 1004 994 987 988 980 977 967 970 965 959 961 956 950 951 943 940
1199 1197 1203 1196 1198 1201 1194 1221 1204 1191 1192 1213 1208 1197 1193 1193 1183 1174 1173 1158 1153 1165 1165 1148 1144 1145 1138 1145 1129 1140 1156 1138 1131 1141 1150 1116 1131 1118 1113 1116 1111 1116 1116 1091 1087 1077 1079 1086 1093 1095 1072 1071 1059 1068 1052 1040 1051 1038 1033 1030 1033 1043 1025 1014 1027 1015 1015 1012 1002 995 1009 1009 1001 996 988 975 986 972 972 975 962 966 961 947 948
1198 1195 1203 1201 1206 1201 1209 1205 1206 1199 1194 1196 1202 1201 1202 1189 1181 1173 1174 1159 1162 1158 1163 1175 1156 1144 1141 1131 1132 1136 1158 1147 1133 1141 1142 1127 1125 1122 1112 1109 1102 1105 1093 1096 1080 1078 1090 1077 1074 1092 1080 1075 1052 1076 1054 1040 1046 1039 1037 1043 1037 1031 1011 1016 1021 1010 1013 1010 1005 1002 997 997 987 984 983 984 984 969 964 957 964 959 956 949 949
1200 1203 1210 1205 1199 1204 1200 1197 1195 1195 1192 1184 1195 1193 1187 1200 1194 1172 1166 1172 1174 1158 1165 1159 1165 1146 1148 1143 1150 1136 1148 1136 1134 1126 1120 1119 1116 1127 1123 1122 1100 1093 1098 1115 1091 1084 1074 1071 1073 1084 1069 1072 1063 1084 1057 1055 1047 1045 1051 1040 1026 1018 1021 1022 1012 1014 1004 1008 1006 1004 1000 995 994 982 986 983 974 974 965 961 968 954 952 953 948
1202 1192 1200 1206 1206 1193 1202 1183 1202 1195 1187 1186 1192 1183 1176 1192 1194 1186 1169 1169 1179 1165 1160 1149 1152 1144 1146 1165 1136 1124 1144 1163 1124 1127 1114 1111 1119 1120 1119 1120 1113 1116 1100 1103 1093 1091 1089 1086 1094 1071 1075 1065 1070 1071 1065 1047 1041 1040 1027 1027 1038 1029 1020 1013 1007 1015 1009 1009 1018 1001 993 990 992 978 977 980 975 968 967 971 958 950 954 946 940
1194 1194 1192 1194 1198 1208 1173 1190 1201 1196 1184 1189 1180 1176 1210 1187 1183 1179 1175 1166 1172 1153 1169 1154 1142 1142 1135 1143 1155 1136 1130 1123 1124 1140 1130 1126 1119 1112 1120 1106 1117 1124 1102 1104 1098 1094 1092 1090 1074 1063 1064 1061 1068 1073 1060 1049 1048 1053 1042 1043 1018 1015 1008 1011 1004 997 1005 1000 1004 999 994 995 986 991 979 979 968 963 977 965 962 949 956 946 945
1203 1195 1196 1194 1209 1195 1194 1177 1183 1190 1197 1210 1198 1176 1178 1194 1186 1176 1175 1166 1172 1157 1152 1159 1137 1132 1141 1147 1163 1146 1143 1133 1129 1114 1127 1126 1121 1122 1101 1095 1089 1099 1102 1112 1089 1121 1076 1080 1075 1072 1082 1076 1068 1057 1065 1055 1052 1047 1034 1029 1025 1022 1020 1024 1014 1004 998 993 992 999 995 997 982 980 981 974 963 962 956 955 956 949 949 953 942
1189 1187 1200 1183 1194 1209 1176 1188 1174 1179 1196 1207 1197 1180 1177 1180 1183 1175 1173 1169 1163 1162 1148 1150 1143 1140 1140 1153 1147 1166 1142 1135 1133 1121 1117 1130 1114 1117 1129 1097 1091 1112 1104 1115 1093 1101 1092 1087 1063 1074 1067 1065 1080 1071 1059 1052 1048 1058 1046 1039 1036 1029 1031 1013 1005 1005 1003 999 996 1008 993 989 977 973 972 972 978 976 967 961 947 941 941 939 937
1192 1194 1187 1186 1186 1194 1186 1187 1189 1204 1187 1186 1179 1188 1182 1170 1164 1171 1153 1156 1162 1149 1145 1150 1144 1153 1156 1144 1143 1140 1142 1125 1117 1111 1112 1113 1115 1116 1116 1118 1100 1102 1098 1095 1092 1086 1091 1074 1074 1079 1064 1063 1067 1068 1051 1052 1040 1042 1041 1039 1034 1028 1023 1018 1011 1008 1002 1002 1003 1009 995 987 984 979 988 977 960 988 988 978 966 951 950 958 938
1192 1193 1193 1183 1188 1193 1184 1192 1196 1181 1205 1185 1166 1168 1198 1169 1155 1161 1151 1164 1171 1166 1149 1145 1148 1156 1168 1159 1155 1147 1137 1150 1126 1126 1120 1121 1117 1109 1104 1119 1113 1106 1108 1090 1083 1083 1087 1105 1093 1082 1080 1056 1066 1072 1076 1081 1051 1054 1045 1045 1045 1039 1029 1029 1010 1008 993 979 980 986 989 987 977 973 969 955 961 957 959 957 951 951 963 953 949
